index;count
2021-05-16;1
2021-05-17;1
2021-05-18;1
2021-05-19;1
2021-05-20;1
2021-05-21;1
2021-05-22;1
2021-05-23;2
2021-05-24;2
2021-05-25;2
2021-05-26;148
2021-05-27;167
2021-05-28;190
2021-05-29;208
2021-05-30;208
2021-05-31;208
2021-06-01;208
2021-06-02;261
2021-06-03;261
2021-06-04;261
2021-06-05;261
2021-06-06;261
2021-06-07;261
2021-06-08;261
2021-06-09;261
2021-06-10;261
2021-06-11;261
2021-06-12;261
2021-06-13;261
2021-06-14;261
2021-06-15;261
2021-06-16;261
2021-06-17;261
2021-06-18;261
2021-06-19;261
2021-06-20;261
2021-06-21;261
2021-06-22;261
2021-06-23;261
2021-06-24;270
2021-06-25;270
2021-06-26;270
2021-06-27;270
2021-06-28;271
2021-06-29;271
2021-06-30;271
2021-07-01;293
2021-07-02;293
2021-07-03;293
2021-07-04;293
2021-07-05;293
2021-07-06;293
2021-07-07;293
2021-07-08;515
2021-07-09;515
2021-07-10;515
2021-07-11;515
2021-07-12;515
2021-07-13;515
2021-07-14;941
2021-07-15;941
2021-07-16;943
2021-07-17;948
2021-07-18;948
2021-07-19;948
2021-07-20;948
2021-07-21;1261
2021-07-22;1267
